22 2
23 11
24 4
25 19
26 21
27 42
28 37
29 59
30 55
31 63
32 64
33 103
34 91
35 110
36 130
37 161
38 158
39 178
40 203
41 182
42 203
43 208
44 215
45 212
46 207
47 202
48 233
49 204
50 210
51 180
52 179
53 204
54 166
55 158
56 167
57 172
58 158
59 154
60 157
61 164
62 157
63 171
64 178
65 187
66 211
67 242
68 252
69 234
70 303
71 336
72 325
73 356
74 367
75 439
76 438
77 476
78 509
79 575
80 552
81 621
82 607
83 651
84 623
85 752
86 731
87 726
88 767
89 773
90 849
91 797
92 860
93 825
94 870
95 781
96 927
97 872
98 841
99 865
100 921
101 870
102 889
103 886
104 866
105 839
106 805
107 753
108 794
109 748
110 724
111 672
112 751
113 724
114 635
115 685
116 633
117 630
118 619
119 538
120 583
121 575
122 565
123 515
124 512
125 547
126 506
127 431
128 523
129 436
130 504
131 489
132 471
133 489
134 531
135 535
136 532
137 473
138 525
139 574
140 586
141 595
142 566
143 579
144 593
145 584
146 555
147 626
148 579
149 535
150 610
151 543
152 550
153 589
154 557
155 562
156 619
157 596
158 655
159 609
160 639
161 670
162 629
163 650
164 654
165 705
166 699
167 696
168 723
169 787
170 795
171 803
172 863
173 884
174 951
175 938
176 1143
177 1180
178 1243
179 1330
180 1404
181 1519
182 1684
183 1732
184 2200
185 2137
186 2327
187 2537
188 2716
189 2993
190 3068
191 3151
192 4053
193 3985
194 4230
195 4592
196 4754
197 4955
198 5326
199 5403
200 5668
201 5517
202 5790
203 5611
204 6190
205 6559
206 7291
207 7745
208 7845
209 6768
210 5674
211 4635
212 4487
213 4518
214 5033
215 5034
216 5562
217 4659
218 4439
219 3463
220 2489
221 1078
222 338
223 161
224 171
225 98
226 59
227 21
228 13
229 1
230 1
