0 512
1 1
2 7
3 17
4 24
5 34
6 51
7 65
8 55
9 80
10 75
11 99
12 134
13 130
14 157
15 175
16 173
17 166
18 167
19 176
20 153
21 153
22 152
23 136
24 166
25 136
26 128
27 139
28 147
29 153
30 191
31 234
32 239
33 284
34 279
35 340
36 315
37 329
38 309
39 341
40 300
41 279
42 241
43 247
44 216
45 204
46 216
47 218
48 234
49 248
50 205
51 237
52 209
53 226
54 241
55 230
56 241
57 228
58 250
59 253
60 305
61 276
62 305
63 353
64 290
65 340
66 304
67 367
68 349
69 322
70 397
71 409
72 395
73 410
74 417
75 439
76 475
77 457
78 475
79 505
80 505
81 548
82 535
83 551
84 574
85 581
86 594
87 629
88 657
89 617
90 679
91 703
92 733
93 674
94 705
95 732
96 788
97 735
98 682
99 739
100 764
101 670
102 706
103 734
104 726
105 717
106 693
107 679
108 726
109 665
110 645
111 644
112 656
113 678
114 623
115 658
116 654
117 635
118 683
119 657
120 739
121 668
122 608
123 668
124 662
125 676
126 569
127 725
128 683
129 579
130 528
131 560
132 578
133 496
134 526
135 485
136 482
137 458
138 441
139 408
140 446
141 467
142 423
143 459
144 406
145 399
146 410
147 461
148 456
149 414
150 442
151 462
152 475
153 462
154 432
155 477
156 467
157 445
158 500
159 507
160 521
161 513
162 488
163 537
164 499
165 494
166 541
167 546
168 537
169 590
170 627
171 615
172 656
173 577
174 665
175 623
176 740
177 720
178 734
179 778
180 840
181 839
182 912
183 936
184 1148
185 1160
186 1237
187 1440
188 1704
189 1720
190 1885
191 1921
192 2446
193 2447
194 2579
195 3139
196 3237
197 3459
198 3947
199 4418
200 4804
201 5123
202 5281
203 5671
204 6102
205 5960
206 6009
207 6355
208 6450
209 6482
210 6837
211 7876
212 7776
213 7061
214 6392
215 5272
216 4988
217 4478
218 4476
219 4525
220 4937
221 4331
222 4420
223 4327
224 4062
225 1881
226 382
227 181
228 94
229 59
230 35
231 24
232 13
233 5
234 2
