22 6
23 4
24 7
25 7
26 11
27 10
28 6
29 25
30 18
31 23
32 39
33 21
34 30
35 21
36 21
37 11
38 14
39 6
40 6
41 4
42 2
43 4
44 1
45 2
46 1
47 3
50 1
51 1
52 1
53 1
54 2
55 2
56 1
57 1
58 1
59 1
60 6
61 3
62 3
63 9
64 7
65 11
66 14
67 34
68 26
69 38
70 64
71 70
72 110
73 160
74 196
75 219
76 305
77 315
78 414
79 461
80 457
81 490
82 427
83 585
84 481
85 454
86 503
87 452
88 495
89 364
90 328
91 332
92 308
93 221
94 235
95 210
96 223
97 201
98 180
99 189
100 201
101 182
102 177
103 183
104 199
105 197
106 174
107 159
108 196
109 151
110 161
111 129
112 177
113 169
114 164
115 180
116 191
117 167
118 181
119 173
120 232
121 226
122 197
123 279
124 314
125 258
126 324
127 319
128 366
129 396
130 404
131 446
132 427
133 438
134 484
135 523
136 524
137 581
138 534
139 601
140 684
141 587
142 720
143 782
144 752
145 843
146 763
147 940
148 924
149 1015
150 1030
151 985
152 1286
153 1154
154 1190
155 1298
156 1425
157 1369
158 1468
159 1541
160 1365
161 1404
162 1307
163 1385
164 1191
165 1143
166 1191
167 1162
168 1085
169 1088
170 914
171 898
172 955
173 835
174 884
175 722
176 943
177 815
178 737
179 881
180 789
181 846
182 915
183 947
184 1290
185 1197
186 1247
187 1402
188 1619
189 1523
190 1795
191 1863
192 2408
193 2474
194 2499
195 3280
196 3384
197 3674
198 4517
199 5340
200 5724
201 6489
202 6885
203 7623
204 9039
205 8494
206 9220
207 9998
208 10338
209 10496
210 9334
211 10077
212 8076
213 6872
214 6376
215 5468
216 6221
217 5170
218 4417
219 4326
220 3402
221 1364
222 534
223 147
224 64
225 15
226 5
227 1
